4294967294,30
4294967294,143
4294967294,142
4294967294,140
4294967294,139
4294967294,134
4294967294,1018
4294967294,992
4294967294,990
4294967294,989
4294967294,988
4294967294,987
4294967294,60
4294967294,198
4294967294,194
4294967294,1013
4294967294,1009
4294967294,185
4294967294,170
4294967278,37
4294967278,36
4294967278,34
4294967278,26
4294967279,21
4294967279,18
4294967279,16
4294967279,13
4294967278,260
4294967279,338
4294967278,375
4294967278,373
1602,5
1602,4
1602,3
1602,2
1602,1
4294967279,376
1601,6
1601,5
1601,4
1601,3
1601,2
1601,1
4294967278,144
4294967278,143
4294967278,298
1598,6
1598,5
1598,4
1598,3
1598,2
1598,1
4294967279,375
4294967278,274
4294967279,256
1595,7
1595,6
4294967279,516
1595,5
1595,4
1595,3
1595,2
1595,1
4294967279,374
4294967278,174
4294967279,373
4294967278,214
4294967278,213
4294967279,372
4294967294,1419
1591,5
1591,4
4294967279,204
1591,3
1591,2
1591,1
4294967278,447
4294967279,529
4294967278,178
4294967294,1014
4294967294,493
4294967279,172
1587,5
1587,4
1587,3
1587,2
1587,1
1585,4
1585,3
1585,2
1585,1
4294967294,403
4294967279,154
4294967279,153
4294967279,152
1584,5
1584,4
1584,3
1584,2
1584,1
4294967278,349
4294967278,364
1582,6
1582,5
1582,4
1582,3
1582,2
1582,1
4294967294,492
4294967279,134
1580,4
1580,3
1580,2
1580,1
4294967278,366
4294967278,365
4294967294,36
4294967294,39
4294967278,370
4294967278,363
4294967278,369
4294967278,368
4294967278,358
4294967278,354
4294967278,389
4294967278,323
4294967278,411
4294967278,25
4294967279,335
4294967279,377
4294967279,17
4294967279,15
4294967294,466
1579,5
1579,4
1579,3
1579,2
1579,1
1578,6
1578,5
1578,4
1578,3
1578,2
1578,1
4294967278,183
1575,6
1575,5
1575,4
1575,3
1575,2
1575,1
4294967279,371
4294967279,370
1572,7
4294967278,147
1572,6
1572,5
1572,4
1572,2
1572,1
4294967279,369
4294967279,282
4294967278,287
4294967278,273
4294967279,321
4294967278,410
1568,5
1568,4
1568,2
1568,1
4294967278,327
4294967278,326
4294967279,515
4294967278,254
4294967279,514
4294967278,325
4294967279,235
4294967278,234
4294967278,232
4294967278,226
4294967279,319
4294967278,212
4294967278,211
1564,5
1564,4
1564,3
1564,2
1564,1
4294967279,203
4294967279,201
1562,4
1562,3
1562,2
1562,1
4294967279,193
4294967279,189
4294967279,191
1561,5
1561,4
1561,3
1561,2
1561,1
1559,6
4294967294,406
4294967294,109
4294967294,458
4294967294,460
1559,5
1559,4
4294967278,176
1559,3
1559,2
1559,1
1558,5
1558,4
1558,3
1558,2
1558,1
4294967294,1
4294967279,166
4294967294,1000
4294967294,1001
4294967294,186
4294967294,151
1557,4
1557,3
1557,2
1557,1
4294967294,0
4294967294,393
4294967294,114
4294967294,120
4294967294,2
4294967278,444
4294967294,46
4294967294,107
4294967294,91
4294967294,90
4294967294,87
4294967294,86
4294967294,85
4294967294,84
4294967294,419
4294967294,150
4294967294,149
4294967294,29
4294967294,128
4294967294,28
4294967294,53
4294967294,45
4294967294,427
4294967294,44
4294967294,96
4294967294,94
4294967294,9
4294967294,8
4294967294,22
4294967294,424
4294967294,17
4294967294,42
4294967294,99
4294967294,41
4294967294,51
4294967294,52
4294967294,1017
4294967294,26
4294967294,202
4294967278,132
4294967278,362
4294967278,131
4294967278,130
4294967278,129
4294967278,128
4294967278,127
4294967278,126
4294967278,125
4294967278,124
4294967278,123
4294967278,121
4294967278,120
4294967278,119
4294967278,118
4294967278,117
4294967278,116
4294967278,115
4294967278,114
4294967278,113
4294967278,112
4294967278,111
4294967278,110
4294967278,109
4294967278,108
4294967278,107
4294967278,106
4294967278,105
4294967278,104
4294967278,103
4294967278,102
4294967278,101
4294967278,100
4294967278,99
4294967278,98
4294967278,97
4294967278,96
4294967278,95
4294967278,94
4294967278,93
4294967278,92
4294967278,91
4294967278,90
4294967278,89
4294967278,87
4294967278,86
4294967278,85
4294967278,84
4294967278,83
4294967278,82
4294967278,81
4294967278,80
4294967278,79
4294967278,78
4294967278,77
4294967278,76
4294967278,75
4294967278,74
4294967278,73
4294967278,72
4294967278,71
4294967278,70
4294967278,69
4294967278,446
4294967278,68
4294967278,67
4294967278,66
4294967278,65
4294967278,64
4294967278,63
4294967278,62
4294967278,61
4294967278,60
4294967278,343
4294967278,55
4294967278,53
4294967278,52
4294967278,51
4294967278,50
4294967278,49
4294967278,48
4294967278,45
4294967278,43
4294967278,42
4294967278,41
4294967278,40
4294967278,38
4294967278,342
4294967279,359
4294967279,336
4294967279,572
4294967279,31
4294967279,24
4294967279,22
4294967279,14
4294967279,0
4294967279,9
4294967279,8
4294967279,7
4294967279,6
4294967279,5
4294967294,7
4294967278,39
4294967294,6
4294967294,5
4294967279,144
1556,5
1556,4
1556,3
1556,2
1556,1
4294967279,365
4294967279,271
1555,6
1555,5
1555,4
1555,3
1555,2
1555,1
4294967294,1008
1552,6
1552,5
1552,4
1552,3
1552,2
1552,1
4294967279,329
4294967279,239
4294967279,364
4294967279,363
4294967279,213
1549,7
1549,6
4294967279,212
1549,5
1549,4
1549,2
1549,1
4294967278,334
4294967279,361
4294967279,200
4294967279,546
4294967294,400
4294967294,448
4294967278,193
4294967279,188
4294967279,187
4294967278,361
4294967279,358
4294967279,179
1545,5
1545,4
1545,2
1545,1
4294967278,177
4294967279,169
4294967279,161
4294967279,155
4294967294,1421
4294967279,151
4294967278,360
4294967279,143
1541,5
4294967279,142
1541,4
1541,3
1541,2
1541,1
1539,4
1539,3
1539,2
1539,1
4294967278,402
4294967279,354
4294967294,401
4294967278,288
1538,5
4294967278,268
1538,4
1538,3
1538,2
1538,1
1536,6
4294967294,168
4294967294,180
1536,5
1536,4
1536,3
1536,2
1536,1
4294967279,517
1534,4
1534,3
1534,2
1534,1
4294967279,241
4294967278,384
4294967294,437
4294967294,11
4294967294,68
4294967278,336
4294967278,441
4294967278,359
4294967278,59
4294967278,58
4294967278,57
4294967278,56
4294967278,54
4294967278,445
4294967278,47
4294967278,46
4294967278,352
4294967278,44
4294967278,345
4294967278,333
4294967278,344
4294967278,442
4294967279,226
4294967279,353
4294967279,367
4294967279,156
4294967279,368
4294967279,331
4294967279,260
4294967279,242
4294967279,35
4294967279,34
4294967279,33
4294967279,32
4294967279,30
4294967279,29
4294967279,28
4294967279,26
4294967279,23
4294967279,4
4294967278,350
4294967279,208
1533,5
1533,4
1533,3
1533,2
1533,1
4294967279,352
4294967279,366
4294967279,350
1532,6
1532,5
1532,4
1532,3
1532,2
1532,1
4294967279,356
4294967278,182
4294967278,181
4294967278,180
1529,6
1529,5
1529,4
1529,3
1529,2
1529,1
4294967279,539
4294967278,293
4294967278,163
4294967279,159
4294967279,147
4294967279,146
4294967279,145
1526,7
1526,6
1526,5
1526,4
1526,2
1526,1
4294967294,395
4294967294,148
4294967294,398
4294967294,462
4294967278,264
4294967278,285
1522,5
1522,4
1522,2
1522,1
4294967279,250
4294967278,250
4294967279,214
4294967279,231
4294967278,230
4294967279,223
4294967279,217
4294967279,215
4294967278,210
4294967279,210
4294967278,208
1518,5
4294967279,206
1518,4
1518,3
1518,2
1518,1
4294967279,202
1516,4
1516,3
1516,2
1516,1
4294967279,198
4294967279,197
4294967278,194
4294967279,190
1515,5
1515,4
1515,3
1515,2
1515,1
4294967278,438
4294967279,181
1513,6
1513,5
1513,4
1513,3
1513,2
1513,1
4294967279,171
4294967279,170
4294967279,168
1511,4
1511,3
1511,2
1511,1
4294967279,162
4294967278,161
4294967294,176
4294967294,1005
4294967294,414
4294967294,463
4294967294,453
4294967278,122
4294967278,243
4294967279,560
4294967279,545
4294967279,332
4294967279,27
4294967279,25
4294967279,558
4294967279,349
1510,5
1510,4
1510,3
1510,2
1510,1
4294967279,272
4294967279,347
4294967279,279
1509,6
1509,5
4294967279,280
1509,4
1509,3
1509,2
1509,1
4294967279,277
4294967279,345
4294967278,257
1506,6
1506,5
1506,4
4294967279,248
1506,3
1506,2
1506,1
4294967279,344
4294967278,431
4294967278,238
4294967279,221
4294967279,211
1503,7
1503,6
1503,5
1503,4
1503,2
1503,1
4294967294,190
4294967294,1416
4294967294,416
4294967294,175
4294967294,108
4294967278,188
4294967279,185
4294967279,183
4294967279,173
1499,5
1499,4
1499,2
1499,1
4294967279,164
4294967279,163
4294967279,346
4294967278,155
4294967278,153
4294967279,150
4294967278,149
4294967278,148
1495,5
1495,4
1495,3
1495,2
1495,1
4294967279,138
4294967279,136
4294967279,135
4294967294,491
4294967278,133
1493,4
1493,3
1493,2
1493,1
4294967279,265
4294967278,269
1492,5
1492,4
1492,3
1492,2
1492,1
4294967278,374
4294967278,284
1490,6
4294967278,440
1490,5
1490,4
1490,3
1490,2
1490,1
1488,4
4294967278,237
1488,3
1488,2
1488,1
4294967278,439
4294967294,1414
4294967278,437
4294967294,25
4294967278,400
4294967294,50
4294967294,1016
4294967294,27
4294967294,67
4294967294,43
4294967294,417
4294967294,93
4294967294,95
4294967294,81
4294967294,82
4294967294,92
4294967294,88
4294967278,217
4294967278,436
4294967278,406
4294967278,408
4294967278,405
4294967278,403
4294967278,404
4294967278,435
4294967278,0
4294967279,330
4294967279,328
4294967279,360
4294967279,355
4294967279,554
4294967279,357
4294967279,240
0,5
1487,5
1487,4
1487,3
1487,2
1487,1
1486,6
1486,5
1486,4
1486,3
1486,2
1486,1
4294967279,192
4294967279,251
1483,6
1483,5
1483,4
1483,3
1483,2
1483,1
4294967278,154
1480,7
1480,6
1480,5
1480,4
1480,2
1480,1
4294967278,434
4294967278,433
1476,5
1476,4
1476,2
1476,1
4294967278,432
4294967278,429
4294967279,327
4294967278,206
4294967278,205
4294967278,204
1472,5
1472,4
1472,3
1472,2
1472,1
1470,4
1470,3
1470,2
1470,1
4294967278,191
4294967278,189
1469,5
1469,4
1469,3
1469,2
1469,1
4294967279,184
4294967279,325
4294967279,178
1467,6
1467,5
1467,4
1467,3
1467,2
1467,1
1465,4
1465,3
1465,2
1465,1
4294967279,351
4294967278,145
1464,5
1464,4
1464,3
1464,2
1464,1
4294967279,323
4294967294,405
4294967278,428
1463,6
4294967278,270
1463,5
1463,4
1463,3
1463,2
1463,1
4294967278,427
4294967279,320
1460,6
1460,5
1460,4
1460,3
1460,2
1460,1
4294967278,425
4294967278,430
1457,7
1457,6
1457,5
1457,4
1457,2
1457,1
4294967278,424
4294967279,252
4294967279,182
4294967278,423
4294967278,422
1453,5
1453,4
1453,2
1453,1
4294967279,246
4294967279,167
4294967278,420
4294967278,419
1449,5
1449,4
1449,3
1449,2
1449,1
1447,4
1447,3
1447,2
1447,1
4294967278,421
4294967278,418
1446,5
1446,4
1446,3
1446,2
1446,1
4294967279,550
1444,6
4294967294,110
1444,5
1444,4
1444,3
1444,2
1444,1
1442,4
1442,3
1442,2
1442,1
4294967278,417
4294967278,416
4294967279,207
4294967279,205
4294967278,200
4294967278,199
4294967294,12
4294967294,195
4294967294,192
4294967294,1012
4294967294,1007
4294967294,1002
4294967294,999
4294967294,998
4294967294,995
4294967294,162
4294967279,2
4294967279,232
1441,5
1441,4
1441,3
1441,2
1441,1
1440,6
1440,5
1440,4
1440,3
1440,2
1440,1
4294967279,244
1437,6
1437,5
1437,4
1437,3
1437,2
1437,1
4294967278,415
4294967279,238
1434,7
1434,6
1434,5
1434,4
1434,2
1434,1
4294967279,234
4294967278,414
4294967279,88
4294967294,193
4294967294,421
4294967294,1015
4294967294,1011
4294967278,413
1430,5
1430,4
1430,2
1430,1
4294967279,186
1426,5
1426,4
1426,3
1426,2
1426,1
1424,4
1424,3
1424,2
1424,1
4294967279,176
4294967279,175
1423,5
1423,4
1423,3
1423,2
1423,1
4294967294,196
4294967279,165
4294967279,220
4294967278,162
4294967278,160
1421,6
1421,5
1421,4
1421,3
1421,2
1421,1
1420,5
1420,4
1420,3
1420,2
1420,1
4294967294,490
1419,4
1419,3
1419,2
1419,1
4294967294,449
4294967294,1415
4294967294,83
4294967293,131
4294967293,130
4294967293,129
4294967293,128
4294967293,127
4294967293,126
4294967293,125
4294967293,124
4294967293,123
4294967293,122
4294967293,121
4294967293,120
4294967293,119
4294967293,118
4294967293,117
4294967293,116
4294967293,115
4294967293,114
4294967293,113
4294967293,112
4294967293,111
4294967293,110
4294967293,109
4294967293,108
4294967293,107
4294967293,106
4294967293,105
4294967293,104
4294967293,103
4294967293,102
4294967293,101
4294967293,100
4294967293,99
4294967293,98
4294967293,97
4294967293,96
4294967293,95
4294967293,94
4294967293,93
4294967293,92
4294967293,91
4294967293,90
4294967293,89
4294967293,87
4294967293,86
4294967293,85
4294967293,84
4294967293,83
4294967293,82
4294967293,81
4294967293,80
4294967293,79
4294967293,78
4294967293,77
4294967293,76
4294967293,75
4294967293,74
4294967293,73
4294967293,72
4294967293,71
4294967293,70
4294967293,69
4294967293,68
4294967293,67
4294967293,66
4294967293,65
4294967293,64
4294967293,63
4294967293,62
4294967293,61
4294967293,60
4294967293,59
4294967293,58
4294967293,57
4294967293,56
4294967293,55
4294967293,54
4294967293,53
4294967293,52
4294967293,51
4294967293,50
4294967293,49
4294967293,48
4294967293,47
4294967293,46
4294967293,45
4294967293,44
4294967293,43
4294967293,42
4294967293,41
4294967293,40
4294967293,39
4294967293,38
4294967293,37
4294967293,36
4294967293,35
4294967293,34
4294967293,33
4294967293,32
4294967293,31
4294967293,30
4294967293,29
4294967293,28
4294967293,27
4294967293,26
4294967293,25
4294967293,24
4294967293,23
4294967293,22
4294967293,21
4294967293,20
4294967293,19
4294967293,18
4294967293,17
4294967293,16
4294967293,15
4294967293,14
4294967293,13
4294967293,12
4294967293,11
4294967293,10
4294967293,9
4294967293,8
4294967293,7
4294967293,6
4294967293,5
4294967293,4
4294967293,3
4294967278,426
4294967278,31
4294967278,30
4294967278,29
4294967278,27
4294967278,24
4294967278,23
4294967278,22
4294967278,20
4294967278,18
4294967278,17
4294967278,16
4294967278,15
4294967278,14
4294967278,13
4294967278,12
4294967278,11
4294967278,10
4294967278,9
4294967278,8
4294967278,6
4294967278,5
4294967278,4
4294967279,557
4294967279,132
4294967279,129
4294967279,124
4294967279,122
4294967279,121
4294967279,120
4294967279,119
4294967279,118
4294967279,117
4294967279,114
4294967279,112
4294967279,111
4294967279,110
4294967279,109
4294967279,108
4294967279,107
4294967279,106
4294967279,105
4294967279,103
4294967279,102
4294967279,101
4294967279,100
4294967279,99
4294967279,98
4294967279,97
4294967279,96
4294967279,95
4294967279,94
4294967279,93
4294967279,92
4294967279,91
4294967279,90
4294967279,542
4294967279,89
4294967279,87
4294967279,86
4294967279,85
4294967279,84
4294967279,83
4294967279,82
4294967279,81
4294967279,80
4294967279,79
4294967279,78
4294967279,77
4294967279,76
4294967279,75
4294967279,74
4294967279,73
4294967279,72
4294967279,71
4294967279,70
4294967279,69
4294967279,68
4294967279,67
4294967279,66
4294967279,65
4294967279,64
4294967279,63
4294967279,62
4294967279,61
4294967279,59
4294967279,55
4294967279,53
4294967279,51
4294967279,50
4294967279,49
4294967279,48
4294967279,47
4294967279,46
4294967279,42
4294967279,40
4294967279,39
4294967279,37
4294967278,19
4294967279,262
1418,5
1418,4
1418,3
1418,2
1418,1
4294967278,356
1417,6
1417,5
1417,4
1417,3
1417,2
1417,1
1414,6
1414,5
1414,4
1414,3
1414,2
1414,1
4294967294,161
4294967294,173
1411,7
1411,6
1411,5
1411,4
1411,2
1411,1
4294967278,317
1407,5
1407,4
1407,2
1407,1
4294967279,571
4294967294,391
4294967294,184
4294967294,182
1403,5
4294967279,275
1403,4
1403,3
1403,2
1403,1
4294967294,489
1401,4
1401,3
1401,2
1401,1
4294967278,331
4294967279,247
1400,5
1400,4
1400,3
1400,2
1400,1
4294967279,228
1398,6
1398,5
4294967279,225
1398,4
1398,3
1398,2
1398,1
4294967294,488
1396,4
1396,3
1396,2
1396,1
4294967278,255
4294967278,286
4294967279,130
4294967279,218
4294967279,45
4294967279,44
4294967279,43
4294967279,41
4294967279,575
4294967279,38
1395,5
1395,4
1395,3
1395,2
1395,1
1394,6
1394,5
1394,4
1394,3
1394,2
1394,1
1391,6
1391,5
1391,4
1391,3
1391,2
1391,1
4294967294,1006
4294967278,139
4294967278,398
1388,7
1388,6
1388,5
1388,4
1388,2
1388,1
4294967278,397
4294967279,551
4294967279,570
4294967279,249
4294967279,569
1384,5
1384,4
1384,2
1384,1
4294967279,216
4294967278,394
4294967279,194
4294967279,566
4294967278,393
4294967294,1422
4294967294,1420
1380,5
1380,4
1380,3
1380,2
1380,1
4294967294,487
1378,4
1378,3
1378,2
1378,1
4294967279,565
1377,5
1377,4
1377,3
1377,2
1377,1
1375,6
4294967279,564
1375,5
1375,4
1375,3
1375,2
1375,1
4294967294,486
1373,4
1373,3
1373,2
1373,1
4294967279,563
4294967279,559
4294967278,387
4294967278,385
4294967278,388
4294967279,131
4294967279,128
4294967279,568
4294967279,36
1372,5
1372,4
1372,3
1372,2
1372,1
4294967278,278
4294967278,235
1371,6
1371,5
1371,4
1371,3
1371,2
1371,1
4294967279,229
1368,6
1368,5
1368,4
1368,3
1368,2
1368,1
4294967294,197
4294967294,996
4294967294,163
4294967278,203
4294967294,164
4294967294,113
1365,7
1365,6
1365,5
1365,4
1365,2
1365,1
4294967279,224
4294967278,229
1361,5
1361,4
1361,2
1361,1
4294967278,247
4294967294,1417
4294967278,276
4294967279,553
4294967279,292
4294967278,281
4294967278,265
4294967279,254
1357,5
1357,4
1357,3
1357,2
1357,1
4294967278,261
1355,4
1355,3
1355,2
1355,1
4294967279,548
4294967278,245
4294967278,248
4294967278,244
1354,5
1354,4
4294967278,242
1354,3
1354,2
1354,1
4294967279,236
4294967278,236
4294967278,386
1352,6
1352,5
4294967278,218
1352,4
1352,3
1352,2
1352,1
1350,4
1350,3
1350,2
1350,1
4294967279,547
4294967294,407
4294967294,454
4294967279,348
4294967278,137
4294967278,252
4294967278,251
4294967278,249
4294967278,21
4294967278,7
4294967279,127
4294967279,126
4294967279,116
4294967279,115
4294967279,113
4294967279,561
4294967279,104
4294967279,60
4294967279,58
4294967279,57
4294967279,56
4294967279,54
4294967279,52
4294967279,269
1349,5
1349,4
1349,3
1349,2
1349,1
4294967279,222
1348,6
1348,5
1348,4
1348,3
1348,2
1348,1
4294967278,318
1345,6
1345,5
1345,4
1345,3
1345,2
1345,1
4294967279,307
4294967279,562
4294967279,270
4294967279,263
4294967278,267
4294967278,262
1342,7
4294967279,258
1342,6
1342,5
1342,4
1342,2
1342,1
4294967278,241
4294967279,552
4294967279,544
4294967278,219
4294967279,543
